11 0.3375 0.49921875 0.4078125 0.975
8 0.51171875 0.53359375 0.9765625 0.14375
1 0.51796875 0.76640625 0.9640625 0.4671875
13 0.46875 0.5146484375 0.4853515625 0.51171875 0.5078125 0.4951171875 0.5234375 0.4580078125 0.52734375 0.3955078125 0.51953125 0.3740234375 0.5009765625 0.353515625 0.4716796875 0.33984375 0.4423828125 0.33984375 0.4111328125 0.3515625 0.3896484375 0.373046875 0.3603515625 0.390625 0.3203125 0.3916015625 0.318359375 0.4111328125 0.3583984375 0.4296875 0.3994140625 0.4921875 0.4384765625 0.513671875
13 0.48046875 0.4775390625 0.4765625 0.4658203125 0.4677734375 0.462890625 0.466796875 0.4697265625
13 0.490234375 0.4697265625 0.49609375 0.4482421875 0.4853515625 0.4375 0.4765625 0.4462890625 0.4765625 0.4560546875
13 0.880859375 0.6298828125 0.88671875 0.6162109375 0.8759765625 0.611328125 0.87109375 0.6201171875
13 0.798828125 0.6240234375 0.80078125 0.6103515625 0.7900390625 0.60546875 0.787109375 0.6201171875
13 0.974609375 0.6064453125 0.974609375 0.5927734375 0.9658203125 0.591796875 0.962890625 0.6044921875
13 0.98046875 0.5888671875 0.982421875 0.5771484375 0.9736328125 0.57421875 0.970703125 0.5869140625
3 0.43384375000000003 0.123734375 0.007656250000000001 0.0124375
9 0.4369375 0.15237499999999998 0.007984375 0.011140625
12 0.304296875 0.14603125 0.01028125 0.012109375
12 0.395109375 0.232953125 0.0083125 0.010187499999999999
2 0.22634375 0.263234375 0.008671874999999999 0.008234374999999999
2 0.373625 0.37896874999999997 0.0083125 0.011203125
4 0.287203125 0.381578125 0.0093125 0.0125
4 0.47128125 0.4335 0.012203124999999999 0.0089375
6 0.225203125 0.43040625 0.01225 0.012515624999999999
6 0.304125 0.45353125 0.01190625 0.011875
7 0.207140625 0.65471875 0.013218750000000001 0.015828125000000002
7 0.35703125 0.643328125 0.01028125 0.012578125
0 0.164171875 0.892390625 0.013234375000000001 0.014593749999999999
0 0.376390625 0.8694375000000001 0.01190625 0.013609375000000002