11 0.3375 0.49921875 0.406640625 0.975
8 0.51171875 0.53359375 0.9765625 0.14375
1 0.51796875 0.76640625 0.9640625 0.4671875
13 0.50751953125 0.359130859375 0.48505859375 0.342529296875 0.46845703125 0.339599609375 0.43818359375 0.340576171875 0.39912109375 0.362060546875 0.35810546875 0.424560546875 0.31806640625 0.443115234375 0.32001953125 0.462646484375 0.36005859375 0.463623046875 0.38935546875 0.481201171875 0.41083984375 0.502685546875 0.432845053125 0.5109375 0.47881556875 0.5109375 0.50068359375 0.500732421875 0.51923828125 0.480224609375 0.5265625 0.4600830078125 0.5265625 0.450927734375 0.52314453125 0.396240234375 0.50751953125 0.359130859375
13 0.4679904515625 0.4765625 0.4695353203125 0.4765625 0.4796875 0.47076125468749996 0.4796875 0.4632161453125 0.471533203125 0.46593424531250005 0.4679904515625 0.4765625
13 0.4771484375 0.447802734375 0.48243519218750003 0.4671875 0.485107421875 0.4671875 0.4953125 0.456982421875 0.4953125 0.444482421875 0.487890625 0.437060546875 0.4771484375 0.447802734375
13 0.8751953125 0.61162109375 0.8703125 0.62041015625 0.87958984375 0.6296875 0.8802873890624999 0.6296875 0.8859375 0.61650390625 0.8751953125 0.61162109375
13 0.7875 0.61904296875 0.7875 0.6200846359375001 0.79287109375 0.621875 0.79931640625 0.621875 0.8 0.61708984375 0.8 0.6098100140625 0.790234375 0.60537109375 0.7875 0.61904296875
13 0.962890625 0.591748046875 0.962890625 0.603125 0.9724346453124999 0.603125 0.974609375 0.593701171875 0.962890625 0.591748046875
13 0.970703125 0.576513671875 0.9728778546875001 0.5859375 0.982364909375 0.5859375 0.98046875 0.574560546875 0.970703125 0.576513671875
3 0.43384375000000003 0.123734375 0.0077734375000000355 0.012484375000000015
9 0.4369375 0.15237499999999998 0.007855468749999872 0.010988281249999999
12 0.304296875 0.14603125 0.010773437499999972 0.01123046875
12 0.395109375 0.232953125 0.009109375000000064 0.009578124999999993
2 0.22634375 0.263234375 0.009023437499999964 0.008023437499999985
2 0.373625 0.37896874999999997 0.009109375000000064 0.01100390624999994
4 0.287203125 0.381578125 0.009359375000000014 0.0125
4 0.47128125 0.4335 0.01242578124999998 0.008093749999999922
6 0.225203125 0.43040625 0.012437500000000056 0.012503906249999908
6 0.304125 0.45353125 0.011179687499999957 0.012343749999999964
7 0.207140625 0.65471875 0.013851562500000015 0.01567578125000004
7 0.35703125 0.643328125 0.010609374999999944 0.012539062499999965
0 0.164171875 0.892390625 0.01268359375000001 0.015367187500000056
0 0.376390625 0.8694375000000001 0.012351562499999958 0.013949218750000015