11 0.51015625 0.60078125 0.196875 0.5
8 0.46484375 0.4171875 0.6109375 0.1
1 0.559375 0.69453125 0.88125 0.465625
13 0.35078125 0.441015625 0.3478515625 0.4478515625 0.352734375 0.460546875 0.3578125 0.4569196421875 0.3578125 0.443359375 0.3576171875 0.4419921875 0.35078125 0.441015625
14 0.4673828125 0.412109375 0.4537109375 0.439453125 0.4263671875 0.44140625 0.417578125 0.4501953125 0.4205078125 0.458984375 0.4224609375 0.453125 0.43515625 0.4580078125 0.4517578125 0.44921875 0.4966796875 0.4453125 0.51328125 0.4326171875 0.5140625 0.4279296875 0.5140625 0.4197265625 0.5025390625 0.408203125 0.4673828125 0.412109375
14 0.0744140625 0.5510896390625 0.0744140625 0.5979646390625 0.090625 0.636358965625 0.090625 0.5736677640625001 0.0841796875 0.5530427640625 0.0744140625 0.5510896390625
12 0.522046875 0.45596875 0.008835937499999957 0.0066171875000000215
2 0.46915625 0.48103125 0.009515624999999871 0.009593749999999979
2 0.5113125000000001 0.5295468750000001 0.006273437499999979 0.009433593750000035
4 0.48267187500000003 0.47045312499999997 0.007734374999999893 0.009976562499999985
4 0.42928125 0.45303125 0.006277343749999886 0.005945312499999922
6 0.52009375 0.62184375 0.009105468749999979 0.009195312499999986
6 0.507734375 0.609140625 0.0064375000000000075 0.006363281249999986
7 0.4595625 0.66921875 0.012359375000000127 0.007757812500000049
7 0.5171718750000001 0.750765625 0.009593749999999979 0.017019531249999886
0 0.45142187500000003 0.78934375 0.012265625000000035 0.009453125000000107
0 0.579171875 0.776484375 0.011007812499999936 0.009371093750000092
3 0.49178125 0.39296875 0.006273437499999979 0.011167968750000057
3 0.0666875 0.33273437499999997 0.007789062499999999 0.004683593750000004
9 0.072859375 0.34478125 0.004628906249999986 0.009339843750000031
12 0.035765625 0.390203125 0.008875 0.00803906250000006
12 0.06765625 0.38759375 0.006007812499999998 0.006609375000000028
2 0.023875 0.45140624999999995 0.006210937499999997 0.009429687500000127
6 0.04503125 0.540125 0.009359375000000003 0.005031250000000043
6 0.06115625 0.5266093749999999 0.009121093750000009 0.0032812500000000354
7 0.055937499999999994 0.6166406249999999 0.006007812499999998 0.013968750000000085
0 0.044546875 0.7204843750000001 0.010785156249999994 0.006371093749999978