11 0.51015625 0.60078125 0.196875 0.5
8 0.46484375 0.4171875 0.6109375 0.1
1 0.559375 0.69453125 0.88125 0.465625
13 0.357421875 0.4599609375 0.359375 0.4462890625 0.3525390625 0.44140625 0.34765625 0.4541015625 0.3505859375 0.4609375
14 0.435546875 0.4580078125 0.4521484375 0.44921875 0.4970703125 0.4453125 0.513671875 0.4326171875 0.515625 0.4208984375 0.5029296875 0.408203125 0.4677734375 0.412109375 0.4541015625 0.439453125 0.4267578125 0.44140625 0.41796875 0.4501953125 0.4208984375 0.458984375 0.4228515625 0.453125
14 0.09375 0.6416015625 0.09375 0.5947265625 0.0751953125 0.55078125 0.07421875 0.6083984375 0.083984375 0.6396484375
12 0.522046875 0.45596875 0.008296874999999999 0.006984374999999999
2 0.46915625 0.48103125 0.0099375 0.010249999999999999
2 0.5113125000000001 0.5295468750000001 0.0063437499999999996 0.009609375
4 0.48267187500000003 0.47045312499999997 0.007656250000000001 0.010578124999999999
4 0.42928125 0.45303125 0.0063593750000000004 0.00503125
6 0.52009375 0.62184375 0.008296874999999999 0.00865625
6 0.507734375 0.609140625 0.007000000000000001 0.006703125
7 0.4595625 0.66921875 0.01221875 0.007703125
7 0.5171718750000001 0.750765625 0.010249999999999999 0.016515625
0 0.45142187500000003 0.78934375 0.0115625 0.0096875
0 0.579171875 0.776484375 0.01121875 0.009359375
3 0.49178125 0.39296875 0.0063437499999999996 0.011859375
3 0.0666875 0.33273437499999997 0.007718750000000001 0.004671875000000001
9 0.072859375 0.34478125 0.0044531250000000005 0.009234375
12 0.035765625 0.390203125 0.008375 0.008265625
12 0.06765625 0.38759375 0.005765625 0.00696875
2 0.023875 0.45140624999999995 0.00609375 0.00959375
6 0.04503125 0.540125 0.009343750000000001 0.005375
6 0.06115625 0.5266093749999999 0.008359374999999999 0.00375
7 0.055937499999999994 0.6166406249999999 0.005765625 0.013875000000000002
0 0.044546875 0.7204843750000001 0.010328125 0.006734374999999999