13 0.34483271375464686 0.6323936170212766 0.07011152416356878 0.10095744680851064
14 0.24197026022304835 0.34367021276595744 0.4246096654275093 0.328936170212766
5 0.5790706319702602 0.2099468085106383 0.1533085501858736 0.3051063829787234
12 0.7151301115241636 0.3762765957446808 0.017211895910780668 0.022712765957446805
12 0.47925650557620814 0.3798404255319149 0.013197026022304832 0.018191489361702128
2 0.39219330855018586 0.6156914893617021 0.01070631970260223 0.019840425531914892
2 0.8018959107806691 0.6757978723404255 0.014944237918215612 0.022127659574468085
4 0.845910780669145 0.44303191489361704 0.017843866171003718 0.024627659574468084
4 0.42509293680297394 0.4527127659574468 0.017026022304832713 0.040106382978723404
6 0.4681040892193309 0.8373404255319148 0.013866171003717473 0.024095744680851065
6 0.696542750929368 0.8417021276595745 0.019219330855018587 0.023138297872340424
3 0.5290706319702602 0.22170212765957448 0.0154275092936803 0.02106382978723404
3 0.582453531598513 0.2195744680851064 0.016765799256505575 0.014893617021276595
9 0.5565427509293681 0.26856382978723403 0.040669144981412636 0.03170212765957447
11 0.6406691449814127 0.5291489361702127 0.5860594795539034 0.9416489361702127