13 0.34483271375464686 0.6323936170212765 0.07050185873605949 0.10103723404255321
14 0.24197026022304835 0.34367021276595744 0.4242007434944238 0.32936170212765953
5 0.5790706319702602 0.2099468085106383 0.15263940520446098 0.30367021276595746
12 0.7151301115241636 0.3762765957446808 0.017899628252788097 0.021994680851063934
12 0.47925650557620814 0.3798404255319149 0.01445167286245349 0.01651595744680861
2 0.39219330855018586 0.6156914893617021 0.011040892193308546 0.020917553191489385
2 0.8018959107806691 0.6757978723404255 0.01488847583643121 0.02148936170212762
4 0.845910780669145 0.44303191489361704 0.01840148698884754 0.026103723404255312
4 0.42509293680297394 0.4527127659574468 0.018197026022304764 0.04194148936170223
6 0.4681040892193309 0.8373404255319148 0.014618959107806709 0.02597074468085103
6 0.696542750929368 0.8417021276595745 0.018745353159851368 0.021742021276595625
3 0.5290706319702602 0.22170212765957448 0.015009293680297481 0.02122340425531912
3 0.582453531598513 0.2195744680851064 0.01813197026022304 0.015691489361702143
9 0.5565427509293681 0.26856382978723403 0.0407806691449813 0.02914893617021279
11 0.6406691449814127 0.5291489361702129 0.5842472118959107 0.9415292553191489