13 0.115234375 0.40059121621621624 0.1318359375 0.3934121621621622 0.146484375 0.36613175675675674 0.14453125 0.32305743243243246 0.1337890625 0.3043918918918919 0.1259765625 0.29864864864864865 0.1044921875 0.29864864864864865 0.0947265625 0.3043918918918919 0.08203125 0.32305743243243246 0.078125 0.34028716216216215 0.078125 0.3632601351351351 0.083984375 0.38048986486486486 0.1005859375 0.3991554054054054
14 0.498046875 0.15076013513513514 0.50390625 0.13927364864864866 0.50390625 0.11055743243243243 0.4970703125 0.09476351351351352 0.4814453125 0.09476351351351352 0.47265625 0.11055743243243243 0.47265625 0.13640202702702703 0.4814453125 0.1464527027027027
14 0.78515625 0.36613175675675674 0.818359375 0.3173141891891892 0.826171875 0.2397804054054054 0.80859375 0.15076013513513514 0.7783203125 0.10050675675675676 0.7490234375 0.0804054054054054 0.7158203125 0.07466216216216216 0.6923828125 0.08327702702702702 0.6162109375 0.14358108108108109 0.5927734375 0.1464527027027027 0.5732421875 0.1320945945945946 0.548828125 0.1306587837837838 0.5458984375 0.1608108108108108 0.5888671875 0.17804054054054055 0.6259765625 0.2096283783783784 0.7060546875 0.33885135135135136 0.7412109375 0.36469594594594595
3 0.5006617647058824 0.3151891891891892 0.018713235294117645 0.033243243243243244
3 0.5433088235294118 0.33437837837837836 0.022647058823529412 0.03486486486486486
9 0.5104779411764706 0.3565405405405405 0.012132352941176469 0.017513513513513514
12 0.6317279411764707 0.558 0.018235294117647058 0.022702702702702703
12 0.4172794117647059 0.4397297297297297 0.017389705882352943 0.027513513513513513
2 0.2858823529411765 0.2655135135135135 0.013272058823529411 0.01681081081081081
2 0.7028308823529411 0.8080540540540541 0.013419117647058823 0.016972972972972972
4 0.48312499999999997 0.11135135135135137 0.017830882352941176 0.040594594594594594
4 0.8936397058823529 0.7489729729729729 0.03790441176470588 0.03210810810810811
11 0.620625 0.5372972972972974 0.7379411764705882 0.9253513513513514