13 0.14665670955882354 0.3671030378378378 0.14470358455882354 0.32402871351351353 0.13396139705882354 0.3053631783783784 0.12614889705882354 0.29961993513513513 0.10466452205882353 0.29961993513513513 0.09489889705882353 0.3053631783783784 0.08220358455882353 0.32402871351351353 0.07829733455882353 0.3412584432432432 0.07829733455882353 0.36423141621621624 0.08415670955882353 0.38146114594594593 0.10064558823529411 0.4 0.11901998897058824 0.4 0.13200827205882354 0.39438344864864866 0.14665670955882354 0.3671030378378378
14 0.498046875 0.09584006486486488 0.4814453125 0.1001474972972973 0.47265625 0.11019817297297298 0.47265625 0.13604276756756759 0.4751591875 0.14054054054054055 0.5 0.14054054054054055 0.5 0.0996688918918919 0.498046875 0.09584006486486488
14 0.7844384632352942 0.07599209189189189 0.7404931507352942 0.0774279027027027 0.7053369007352942 0.1032724972972973 0.6252587757352942 0.2324954702702703 0.5881494007352942 0.2640833081081081 0.5451806507352942 0.28131303783783784 0.5481103382352942 0.31146506486486486 0.5725244007352942 0.31002925405405407 0.5920556507352942 0.29567114594594596 0.6154931507352942 0.2985427675675676 0.6916650257352942 0.3588468216216216 0.700684705882353 0.3621621621621622 0.7457404007352941 0.3621621621621622 0.7483056507352942 0.36171844324324326 0.7776025257352942 0.3416170918918919 0.8078759632352942 0.29136371351351353 0.8235294117647058 0.21209051351351352 0.8235294117647058 0.18324232972972973 0.8176415882352942 0.12480965945945946 0.7844384632352942 0.07599209189189189
3 0.5006617647058824 0.3151891891891892 0.018465073529411898 0.03263513513513511
3 0.5433088235294118 0.33437837837837836 0.02235294117647053 0.03364864864864862
9 0.5104779411764706 0.3565405405405405 0.011580882352941302 0.01956756756756759
12 0.6317279411764707 0.558 0.01834558823529415 0.0218918918918918
12 0.4172794117647059 0.4397297297297297 0.018134191176470606 0.02714864864864854
2 0.2858823529411765 0.2655135135135135 0.01398897058823532 0.016513513513513475
2 0.7028308823529411 0.8080540540540541 0.014062499999999959 0.01659459459459456
4 0.48312499999999997 0.11135135135135137 0.018244485294117773 0.03852702702702702
4 0.8936397058823529 0.7489729729729729 0.03704963235294113 0.03235135135135143
11 0.620625 0.5372972972972974 0.7387132352941176 0.9245810810810808