13 0.9078125 0.4109375 0.0046875 0.0046875
13 0.121875 0.41875 0.0046875 0.003125
13 0.278125 0.4265625 0.0046875 0.0046875
13 0.7703125 0.428125 0.0046875 0.0046875
13 0.4625 0.44375 0.0046875 0.0046875
13 0.45 0.4453125 0.0046875 0.003125
13 0.6140625 0.45 0.0046875 0.0046875
13 0.53125 0.4625 0.0046875 0.0046875
13 0.4703125 0.4796875 0.0046875 0.00625
13 0.3859375 0.4890625 0.00625 0.0046875
13 0.4015625 0.496875 0.00625 0.00625
13 0.6234375 0.5546875 0.00625 0.00625
13 0.953125 0.5609375 0.00625 0.00625
13 0.446875 0.565625 0.00625 0.00625
13 0.14375 0.6234375 0.0078125 0.0078125
13 0.946875 0.6296875 0.0078125 0.0078125
13 0.3234375 0.63125 0.0078125 0.0078125
13 0.0625 0.68125 0.009375 0.0078125
13 0.1203125 0.7390625 0.009375 0.0078125
13 0.4484375 0.7625 0.009375 0.009375