13 0.375 0.4796875 0.003125 0.0046875
13 0.3203125 0.4796875 0.003125 0.003125
13 0.3234375 0.4796875 0.003125 0.003125
13 0.671875 0.4828125 0.003125 0.003125
13 0.759375 0.484375 0.0046875 0.003125
13 0.1734375 0.484375 0.0046875 0.003125
13 0.18125 0.484375 0.0046875 0.003125
13 0.215625 0.484375 0.0046875 0.0046875
13 0.815625 0.484375 0.0046875 0.0046875
13 0.065625 0.4875 0.0046875 0.0046875
13 0.053125 0.4875 0.0046875 0.0046875
13 0.1234375 0.4890625 0.0046875 0.0046875
13 0.01875 0.5046875 0.00625 0.0046875
13 0.965625 0.5421875 0.009375 0.0078125