13 0.1171875 0.1689453125 0.125 0.1572265625 0.1201171875 0.140625 0.109375 0.1513671875 0.109375 0.1650390625
14 0.359375 0.5576171875 0.357421875 0.5400390625 0.3486328125 0.541015625 0.337890625 0.5205078125 0.337890625 0.4853515625 0.3212890625 0.474609375 0.306640625 0.4912109375 0.306640625 0.5185546875 0.3193359375 0.537109375 0.3447265625 0.54296875
12 0.349234375 0.439359375 0.008359374999999999 0.00503125
12 0.39415625 0.45270312500000004 0.008359374999999999 0.0043749999999999995
2 0.40521874999999996 0.51309375 0.007046874999999999 0.006015625
2 0.34484375 0.5074062500000001 0.0054375 0.004390625
4 0.371046875 0.5589999999999999 0.009 0.004078125
6 0.39251562500000003 0.5609531249999999 0.009 0.007984375
7 0.31765625000000003 0.6268906249999999 0.007718750000000001 0.008984375
7 0.39025 0.6420312499999999 0.008359374999999999 0.00996875
3 0.363859375 0.397859375 0.0044218750000000005 0.00990625
3 0.374765625 0.40078125 0.004734375 0.007953125
11 0.364828125 0.57384375 0.131359375 0.4068125