13 0.918671875 0.198125 0.01864453124999983 0.02653515624999998
14 0.66103125 0.534921875 0.06844140625000002 0.09679296874999999
11 0.61090625 0.58378125 0.14025390625000006 0.4048124999999999
5 0.63890625 0.41315625 0.031203125000000043 0.06071484374999998
12 0.611234375 0.46296875000000004 0.006433593749999922 0.007687499999999936
12 0.654859375 0.45140624999999995 0.004609375000000071 0.009429687500000127
2 0.594640625 0.52175 0.004773437499999922 0.006124999999999936
2 0.656484375 0.50709375 0.003273437500000043 0.004460937500000028
4 0.622953125 0.57303125 0.007605468749999922 0.009203124999999979
6 0.599515625 0.5645625 0.007605468749999922 0.007703124999999922
7 0.5949687499999999 0.649859375 0.006109375000000128 0.00953515625000012
7 0.666578125 0.64303125 0.00792968750000007 0.004550781250000036
0 0.5531406249999999 0.7504375 0.00964843749999993 0.00792968750000007
0 0.640203125 0.74653125 0.006289062499999965 0.01222656250000007