13 0.109375 0.157373046875 0.1169596359375 0.16875 0.11787109375 0.16875 0.125 0.165185546875 0.125 0.151513671875 0.1142578125 0.140771484375 0.109375 0.157373046875
14 0.3591796875 0.513916015625 0.346484375 0.495361328125 0.32109375 0.489501953125 0.3064453125 0.474853515625 0.3083984375 0.492431640625 0.3171875 0.491455078125 0.3279296875 0.511962890625 0.3279296875 0.547119140625 0.33962624375 0.5546875 0.3473316859375 0.5546875 0.3591796875 0.541259765625 0.3591796875 0.513916015625
12 0.349234375 0.439359375 0.007949218749999964 0.004773437499999922
12 0.39415625 0.45270312500000004 0.007949218749999964 0.004609375000000071
2 0.40521874999999996 0.51309375 0.007429687499999993 0.006132812499999929
2 0.34484375 0.5074062500000001 0.004875000000000007 0.0046132812499999785
4 0.371046875 0.5589999999999999 0.008109374999999997 0.004535156249999872
6 0.39251562500000003 0.5609531249999999 0.009187499999999993 0.008679687500000099
7 0.31765625000000003 0.6268906249999999 0.0077656250000000425 0.0091796875
7 0.39025 0.6420312499999999 0.008085937500000018 0.009671875000000085
3 0.363859375 0.397859375 0.004621093749999972 0.010679687500000012
3 0.374765625 0.40078125 0.004710937499999979 0.00788281249999998
11 0.364828125 0.57384375 0.13244921874999993 0.40639062500000006