14 0.5578125 0.6319444444444444 0.5734375 0.6333333333333333 0.58125 0.6513888888888889 0.6640625 0.6902777777777778 0.67109375 0.7 0.671875 0.7111111111111111 0.66796875 0.7180555555555556 0.65234375 0.7180555555555556 0.6078125 0.6986111111111111 0.5671875 0.6888888888888889 0.553125 0.6736111111111112 0.5515625 0.6388888888888888
3 0.48860937499999996 0.15529166666666666 0.01925 0.014291666666666666
3 0.5107421875 0.15248611111111113 0.009945312500000001 0.010652777777777778
9 0.5021875 0.18423611111111113 0.006234375 0.014638888888888887
12 0.41309375 0.26245833333333335 0.011078125 0.018291666666666668
12 0.5443125 0.2682361111111111 0.0134765625 0.023916666666666666
2 0.3729140625 0.4465 0.0088515625 0.019333333333333334
2 0.54459375 0.4466666666666667 0.010687499999999999 0.013708333333333333
4 0.442296875 0.6284027777777778 0.0114453125 0.010125
4 0.5531484375 0.6165 0.01440625 0.010125
6 0.40611718750000003 0.6117083333333333 0.00940625 0.022361111111111113
6 0.4927890625 0.6112083333333334 0.0086484375 0.015402777777777777
7 0.44787499999999997 0.855625 0.018140625 0.02011111111111111