13 0.918671875 0.198125 0.018328125 0.026453125
14 0.66103125 0.534921875 0.067515625 0.096546875
11 0.61090625 0.58378125 0.139140625 0.4051875
5 0.63890625 0.41315625 0.0310625 0.060046875
12 0.611234375 0.46296875000000004 0.006984374999999999 0.0073124999999999996
12 0.654859375 0.45140624999999995 0.0043749999999999995 0.00959375
2 0.594640625 0.52175 0.00503125 0.00575
2 0.656484375 0.50709375 0.00371875 0.00378125
4 0.622953125 0.57303125 0.006984374999999999 0.008687499999999999
6 0.599515625 0.5645625 0.006984374999999999 0.007375
7 0.5949687499999999 0.649859375 0.0056875 0.010015625
7 0.666578125 0.64303125 0.00828125 0.004140625
0 0.5531406249999999 0.7504375 0.009921875 0.008046875
0 0.640203125 0.74653125 0.0063281249999999995 0.011953125