14 0.65625 0.6888888888888889 0.6703125 0.6736111111111112 0.671875 0.6388888888888888 0.665625 0.6319444444444444 0.65 0.6333333333333333 0.6421875 0.6513888888888889 0.559375 0.6902777777777778 0.55234375 0.7 0.5515625 0.7111111111111111 0.55546875 0.7180555555555556 0.57109375 0.7180555555555556 0.615625 0.6986111111111111 0.65625 0.6888888888888889
3 0.48860937499999996 0.15529166666666666 0.019460937500000063 0.013989583333333321
3 0.5107421875 0.15248611111111113 0.010103515624999915 0.010996527777777763
9 0.5021875 0.18423611111111113 0.006246093749999915 0.015118055555555543
12 0.41309375 0.26245833333333335 0.010972656250000056 0.019156249999999948
12 0.5443125 0.2682361111111111 0.013330078125 0.02368750000000001
2 0.3729140625 0.4465 0.008658203124999986 0.018375000000000027
2 0.54459375 0.4466666666666667 0.01087499999999988 0.013843749999999962
4 0.442296875 0.6284027777777778 0.011064453125000106 0.009822916666666653
4 0.5531484375 0.6165 0.014234375000000021 0.01061805555555553
6 0.40611718750000003 0.6117083333333333 0.009382812499999994 0.022256944444444413
6 0.4927890625 0.6112083333333334 0.008607421874999943 0.01530902777777767
7 0.44787499999999997 0.855625 0.0180546875000001 0.01977777777777779