0 0.796875 0.45625 0.003125 0.003125
0 0.6515625 0.4578125 0.003125 0.003125
0 0.4578125 0.459375 0.003125 0.003125
0 0.2359375 0.459375 0.003125 0.003125
0 0.4171875 0.4609375 0.003125 0.003125
0 0.621875 0.4609375 0.003125 0.003125
0 0.64375 0.4609375 0.003125 0.003125
0 0.4953125 0.4609375 0.003125 0.003125
0 0.6328125 0.4609375 0.003125 0.003125
0 0.4296875 0.4625 0.003125 0.003125
0 0.4375 0.4625 0.003125 0.0015625
0 0.328125 0.4625 0.003125 0.003125
0 0.4453125 0.4625 0.003125 0.003125
0 0.4796875 0.4625 0.003125 0.003125
0 0.3421875 0.465625 0.003125 0.003125
0 0.49375 0.465625 0.003125 0.003125
0 0.465625 0.465625 0.003125 0.003125
0 0.3734375 0.465625 0.003125 0.003125
0 0.09375 0.54375 0.00625 0.00625
0 0.1453125 0.546875 0.00625 0.00625
0 0.940625 0.6140625 0.009375 0.009375
0 0.2515625 0.6359375 0.009375 0.009375